0.00000000 247 251 255 255
0.00004238 246 251 255 255
0.00008476 245 250 254 255
0.00012715 244 250 254 255
0.00016953 243 249 254 255
0.00021191 242 249 253 255
0.00025429 241 248 253 255
0.00029668 240 248 253 255
0.00033906 239 247 252 255
0.00038144 239 247 252 255
0.00042382 238 246 252 255
0.00046621 237 246 251 255
0.00050859 236 245 251 255
0.00055097 235 245 251 255
0.00059335 235 244 251 255
0.00063574 234 244 250 255
0.00067812 233 243 250 255
0.00072050 232 243 250 255
0.00076288 231 242 250 255
0.00080526 231 242 250 255
0.00084765 230 241 249 255
0.00089003 229 241 249 255
0.00093241 229 240 249 255
0.00097479 228 240 249 255
0.00101718 227 239 249 255
0.00105956 227 239 248 255
0.00110194 226 238 248 255
0.00114432 225 238 248 255
0.00118671 225 237 248 255
0.00122909 224 236 248 255
0.00127147 223 236 247 255
0.00131385 223 235 247 255
0.00135624 222 235 247 255
0.00139862 221 234 247 255
0.00144100 221 234 247 255
0.00148338 220 233 246 255
0.00152576 219 233 246 255
0.00156815 219 232 246 255
0.00161053 218 232 246 255
0.00165291 217 231 246 255
0.00169529 217 231 245 255
0.00173768 216 230 245 255
0.00178006 215 230 245 255
0.00182244 215 229 245 255
0.00186482 214 229 245 255
0.00190721 213 228 244 255
0.00194959 213 228 244 255
0.00199197 212 227 244 255
0.00203435 211 227 244 255
0.00207674 210 226 243 255
0.00211912 210 226 243 255
0.00216150 209 225 243 255
0.00220388 208 225 243 255
0.00224626 207 224 242 255
0.00228865 207 224 242 255
0.00233103 206 223 242 255
0.00237341 205 223 242 255
0.00241579 204 222 241 255
0.00245818 203 222 241 255
0.00250056 202 221 241 255
0.00254294 201 221 240 255
0.00258532 201 220 240 255
0.00262771 200 220 240 255
0.00267009 199 219 239 255
0.00271247 198 219 239 255
0.00275485 197 218 239 255
0.00279724 196 218 238 255
0.00283962 195 218 238 255
0.00288200 194 217 237 255
0.00292438 193 217 237 255
0.00296676 192 216 236 255
0.00300915 190 216 236 255
0.00305153 189 215 236 255
0.00309391 188 215 235 255
0.00313629 187 214 235 255
0.00317868 186 214 234 255
0.00322106 185 213 234 255
0.00326344 183 213 233 255
0.00330582 182 212 233 255
0.00334821 181 212 232 255
0.00339059 180 211 232 255
0.00343297 178 211 231 255
0.00347535 177 210 231 255
0.00351774 176 210 231 255
0.00356012 175 209 230 255
0.00360250 173 209 230 255
0.00364488 172 208 229 255
0.00368726 170 208 229 255
0.00372965 169 207 228 255
0.00377203 168 206 228 255
0.00381441 166 206 227 255
0.00385679 165 205 227 255
0.00389918 163 204 226 255
0.00394156 162 204 226 255
0.00398394 160 203 226 255
0.00402632 159 202 225 255
0.00406871 157 202 225 255
0.00411109 156 201 224 255
0.00415347 154 200 224 255
0.00419585 153 199 224 255
0.00423824 151 199 223 255
0.00428062 150 198 223 255
0.00432300 148 197 223 255
0.00436538 147 196 222 255
0.00440776 145 195 222 255
0.00445015 143 195 222 255
0.00449253 142 194 221 255
0.00453491 140 193 221 255
0.00457729 139 192 221 255
0.00461968 137 191 220 255
0.00466206 135 190 220 255
0.00470444 134 189 220 255
0.00474682 132 188 219 255
0.00478921 130 187 219 255
0.00483159 129 186 219 255
0.00487397 127 186 218 255
0.00491635 125 185 218 255
0.00495874 124 184 218 255
0.00500112 122 183 217 255
0.00504350 121 182 217 255
0.00508588 119 181 217 255
0.00512826 117 180 216 255
0.00517065 116 179 216 255
0.00521303 114 178 216 255
0.00525541 112 177 215 255
0.00529779 111 176 215 255
0.00534018 109 175 215 255
0.00538256 108 174 214 255
0.00542494 106 174 214 255
0.00546732 105 173 213 255
0.00550971 103 172 213 255
0.00555209 102 171 213 255
0.00559447 100 170 212 255
0.00563685 99 169 212 255
0.00567924 97 168 211 255
0.00572162 96 167 211 255
0.00576400 95 167 210 255
0.00580638 93 166 210 255
0.00584876 92 165 209 255
0.00589115 91 164 209 255
0.00593353 89 163 208 255
0.00597591 88 162 208 255
0.00601829 87 161 207 255
0.00606068 85 161 207 255
0.00610306 84 160 206 255
0.00614544 83 159 206 255
0.00618782 82 158 205 255
0.00623021 80 157 205 255
0.00627259 79 156 204 255
0.00631497 78 155 204 255
0.00635735 77 155 203 255
0.00639974 75 154 202 255
0.00644212 74 153 202 255
0.00648450 73 152 201 255
0.00652688 72 151 201 255
0.00656926 71 150 200 255
0.00661165 70 149 200 255
0.00665403 69 148 199 255
0.00669641 68 147 199 255
0.00673879 66 146 198 255
0.00678118 65 145 198 255
0.00682356 64 144 197 255
0.00686594 63 143 197 255
0.00690832 62 142 196 255
0.00695071 61 141 196 255
0.00699309 60 140 195 255
0.00703547 59 139 195 255
0.00707785 58 138 194 255
0.00712024 57 137 194 255
0.00716262 56 136 193 255
0.00720500 55 135 192 255
0.00724738 53 134 192 255
0.00728976 52 133 191 255
0.00733215 51 132 191 255
0.00737453 50 131 190 255
0.00741691 49 130 190 255
0.00745929 48 129 189 255
0.00750168 47 128 189 255
0.00754406 46 127 188 255
0.00758644 45 126 188 255
0.00762882 44 125 187 255
0.00767121 43 124 187 255
0.00771359 42 123 186 255
0.00775597 41 122 186 255
0.00779835 40 121 185 255
0.00784074 39 120 185 255
0.00788312 38 119 184 255
0.00792550 37 117 183 255
0.00796788 36 116 183 255
0.00801026 35 115 182 255
0.00805265 34 114 182 255
0.00809503 33 113 181 255
0.00813741 32 112 181 255
0.00817979 31 111 180 255
0.00822218 30 110 179 255
0.00826456 29 109 179 255
0.00830694 29 108 178 255
0.00834932 28 107 178 255
0.00839171 27 106 177 255
0.00843409 26 105 176 255
0.00847647 25 104 176 255
0.00851885 24 103 175 255
0.00856124 23 102 174 255
0.00860362 22 101 174 255
0.00864600 21 100 173 255
0.00868838 21 99 172 255
0.00873076 20 98 171 255
0.00877315 19 97 171 255
0.00881553 18 96 170 255
0.00885791 17 95 169 255
0.00890029 17 94 168 255
0.00894268 16 93 167 255
0.00898506 15 92 167 255
0.00902744 14 91 166 255
0.00906982 14 90 165 255
0.00911221 13 89 164 255
0.00915459 12 88 163 255
0.00919697 11 87 162 255
0.00923935 11 86 161 255
0.00928174 10 85 160 255
0.00932412 10 84 159 255
0.00936650 9 83 158 255
0.00940888 9 82 157 255
0.00945126 8 81 156 255
0.00949365 8 80 155 255
0.00953603 7 79 154 255
0.00957841 7 78 153 255
0.00962079 7 77 152 255
0.00966318 6 76 150 255
0.00970556 6 75 149 255
0.00974794 6 74 148 255
0.00979032 6 73 147 255
0.00983271 6 72 145 255
0.00987509 6 71 144 255
0.00991747 5 70 143 255
0.00995985 5 69 141 255
0.01000224 5 68 140 255
0.01004462 5 67 139 255
0.01008700 5 66 137 255
0.01012938 6 65 136 255
0.01017176 6 64 134 255
0.01021415 6 63 132 255
0.01025653 6 62 131 255
0.01029891 6 61 129 255
0.01034129 6 60 128 255
0.01038368 6 59 126 255
0.01042606 6 58 124 255
0.01046844 7 57 122 255
0.01051082 7 56 121 255
0.01055321 7 54 119 255
0.01059559 7 53 117 255
0.01063797 7 52 115 255
0.01068035 7 51 113 255
0.01072274 8 50 111 255
0.01076512 8 49 109 255
0.01080750 8 48 107 255
