0.00000000 255 255 255 255
0.00074510 255 255 255 255
0.00149020 254 254 254 255
0.00223529 254 254 254 255
0.00298039 254 254 254 255
0.00372549 253 253 253 255
0.00447059 253 253 253 255
0.00521569 253 253 253 255
0.00596078 252 252 252 255
0.00670588 252 252 252 255
0.00745098 252 252 252 255
0.00819608 251 251 251 255
0.00894118 251 251 251 255
0.00968627 250 250 250 255
0.01043137 250 250 250 255
0.01117647 249 249 249 255
0.01192157 249 249 249 255
0.01266667 248 248 248 255
0.01341176 248 248 248 255
0.01415686 247 247 247 255
0.01490196 247 247 247 255
0.01564706 246 246 246 255
0.01639216 246 246 246 255
0.01713725 245 245 245 255
0.01788235 245 245 245 255
0.01862745 244 244 244 255
0.01937255 244 244 244 255
0.02011765 243 243 243 255
0.02086275 242 242 242 255
0.02160784 242 242 242 255
0.02235294 241 241 241 255
0.02309804 241 241 241 255
0.02384314 240 240 240 255
0.02458824 239 239 239 255
0.02533333 239 239 239 255
0.02607843 238 238 238 255
0.02682353 237 237 237 255
0.02756863 237 237 237 255
0.02831373 236 236 236 255
0.02905882 235 235 235 255
0.02980392 235 235 235 255
0.03054902 234 234 234 255
0.03129412 233 233 233 255
0.03203922 233 233 233 255
0.03278431 232 232 232 255
0.03352941 231 231 231 255
0.03427451 230 230 230 255
0.03501961 230 230 230 255
0.03576471 229 229 229 255
0.03650980 228 228 228 255
0.03725490 227 227 227 255
0.03800000 227 227 227 255
0.03874510 226 226 226 255
0.03949020 225 225 225 255
0.04023529 224 224 224 255
0.04098039 224 224 224 255
0.04172549 223 223 223 255
0.04247059 222 222 222 255
0.04321569 221 221 221 255
0.04396078 221 221 221 255
0.04470588 220 220 220 255
0.04545098 219 219 219 255
0.04619608 218 218 218 255
0.04694118 218 218 218 255
0.04768627 217 217 217 255
0.04843137 216 216 216 255
0.04917647 215 215 215 255
0.04992157 214 214 214 255
0.05066667 214 214 214 255
0.05141176 213 213 213 255
0.05215686 212 212 212 255
0.05290196 211 211 211 255
0.05364706 211 211 211 255
0.05439216 210 210 210 255
0.05513725 209 209 209 255
0.05588235 208 208 208 255
0.05662745 207 207 207 255
0.05737255 207 207 207 255
0.05811765 206 206 206 255
0.05886275 205 205 205 255
0.05960784 204 204 204 255
0.06035294 203 203 203 255
0.06109804 202 202 202 255
0.06184314 201 201 201 255
0.06258824 200 200 200 255
0.06333333 200 200 200 255
0.06407843 199 199 199 255
0.06482353 198 198 198 255
0.06556863 197 197 197 255
0.06631373 196 196 196 255
0.06705882 195 195 195 255
0.06780392 194 194 194 255
0.06854902 193 193 193 255
0.06929412 192 192 192 255
0.07003922 191 191 191 255
0.07078431 190 190 190 255
0.07152941 189 189 189 255
0.07227451 187 187 187 255
0.07301961 186 186 186 255
0.07376471 185 185 185 255
0.07450980 184 184 184 255
0.07525490 183 183 183 255
0.07600000 182 182 182 255
0.07674510 181 181 181 255
0.07749020 179 179 179 255
0.07823529 178 178 178 255
0.07898039 177 177 177 255
0.07972549 176 176 176 255
0.08047059 175 175 175 255
0.08121569 173 173 173 255
0.08196078 172 172 172 255
0.08270588 171 171 171 255
0.08345098 170 170 170 255
0.08419608 168 168 168 255
0.08494118 167 167 167 255
0.08568627 166 166 166 255
0.08643137 164 164 164 255
0.08717647 163 163 163 255
0.08792157 162 162 162 255
0.08866667 161 161 161 255
0.08941176 159 159 159 255
0.09015686 158 158 158 255
0.09090196 157 157 157 255
0.09164706 156 156 156 255
0.09239216 154 154 154 255
0.09313725 153 153 153 255
0.09388235 152 152 152 255
0.09462745 151 151 151 255
0.09537255 149 149 149 255
0.09611765 148 148 148 255
0.09686275 147 147 147 255
0.09760784 146 146 146 255
0.09835294 145 145 145 255
0.09909804 143 143 143 255
0.09984314 142 142 142 255
0.10058824 141 141 141 255
0.10133333 140 140 140 255
0.10207843 139 139 139 255
0.10282353 138 138 138 255
0.10356863 136 136 136 255
0.10431373 135 135 135 255
0.10505882 134 134 134 255
0.10580392 133 133 133 255
0.10654902 132 132 132 255
0.10729412 131 131 131 255
0.10803922 130 130 130 255
0.10878431 129 129 129 255
0.10952941 128 128 128 255
0.11027451 127 127 127 255
0.11101961 126 126 126 255
0.11176471 124 124 124 255
0.11250980 123 123 123 255
0.11325490 122 122 122 255
0.11400000 121 121 121 255
0.11474510 120 120 120 255
0.11549020 119 119 119 255
0.11623529 118 118 118 255
0.11698039 117 117 117 255
0.11772549 116 116 116 255
0.11847059 115 115 115 255
0.11921569 114 114 114 255
0.11996078 113 113 113 255
0.12070588 112 112 112 255
0.12145098 112 112 112 255
0.12219608 111 111 111 255
0.12294118 110 110 110 255
0.12368627 109 109 109 255
0.12443137 108 108 108 255
0.12517647 107 107 107 255
0.12592157 106 106 106 255
0.12666667 105 105 105 255
0.12741176 104 104 104 255
0.12815686 103 103 103 255
0.12890196 102 102 102 255
0.12964706 101 101 101 255
0.13039216 100 100 100 255
0.13113725 99 99 99 255
0.13188235 98 98 98 255
0.13262745 97 97 97 255
0.13337255 96 96 96 255
0.13411765 95 95 95 255
0.13486275 94 94 94 255
0.13560784 93 93 93 255
0.13635294 92 92 92 255
0.13709804 91 91 91 255
0.13784314 89 89 89 255
0.13858824 88 88 88 255
0.13933333 87 87 87 255
0.14007843 86 86 86 255
0.14082353 85 85 85 255
0.14156863 84 84 84 255
0.14231373 82 82 82 255
0.14305882 81 81 81 255
0.14380392 80 80 80 255
0.14454902 78 78 78 255
0.14529412 77 77 77 255
0.14603922 76 76 76 255
0.14678431 74 74 74 255
0.14752941 73 73 73 255
0.14827451 72 72 72 255
0.14901961 70 70 70 255
0.14976471 69 69 69 255
0.15050980 67 67 67 255
0.15125490 66 66 66 255
0.15200000 64 64 64 255
0.15274510 63 63 63 255
0.15349020 61 61 61 255
0.15423529 60 60 60 255
0.15498039 59 59 59 255
0.15572549 57 57 57 255
0.15647059 56 56 56 255
0.15721569 54 54 54 255
0.15796078 53 53 53 255
0.15870588 51 51 51 255
0.15945098 50 50 50 255
0.16019608 48 48 48 255
0.16094118 47 47 47 255
0.16168627 45 45 45 255
0.16243137 44 44 44 255
0.16317647 43 43 43 255
0.16392157 41 41 41 255
0.16466667 40 40 40 255
0.16541176 39 39 39 255
0.16615686 37 37 37 255
0.16690196 36 36 36 255
0.16764706 35 35 35 255
0.16839216 33 33 33 255
0.16913725 32 32 32 255
0.16988235 31 31 31 255
0.17062745 30 30 30 255
0.17137255 28 28 28 255
0.17211765 27 27 27 255
0.17286275 26 26 26 255
0.17360784 25 25 25 255
0.17435294 24 24 24 255
0.17509804 23 23 23 255
0.17584314 22 22 22 255
0.17658824 21 21 21 255
0.17733333 19 19 19 255
0.17807843 18 18 18 255
0.17882353 17 17 17 255
0.17956863 16 16 16 255
0.18031373 15 15 15 255
0.18105882 13 13 13 255
0.18180392 12 12 12 255
0.18254902 11 11 11 255
0.18329412 9 9 9 255
0.18403922 8 8 8 255
0.18478431 7 7 7 255
0.18552941 6 6 6 255
0.18627451 4 4 4 255
0.18701961 3 3 3 255
0.18776471 2 2 2 255
0.18850980 2 2 2 255
0.18925490 1 1 1 255
0.19000000 0 0 0 255
