0.000000 0 0 4 255
0.000078 0 0 5 255
0.000156 1 1 7 255
0.000234 1 1 8 255
0.000313 2 2 10 255
0.000391 2 2 11 255
0.000469 3 2 13 255
0.000547 3 3 15 255
0.000625 4 3 18 255
0.000703 4 4 20 255
0.000781 5 4 22 255
0.000859 6 5 24 255
0.000937 7 5 26 255
0.001016 7 6 28 255
0.001094 8 6 30 255
0.001172 9 7 32 255
0.001250 10 8 34 255
0.001328 11 9 36 255
0.001406 12 9 38 255
0.001484 13 10 41 255
0.001563 14 11 43 255
0.001641 15 12 45 255
0.001719 16 12 47 255
0.001797 17 13 49 255
0.001875 19 13 52 255
0.001953 20 14 54 255
0.002031 21 14 56 255
0.002109 22 15 59 255
0.002188 23 15 61 255
0.002266 25 16 63 255
0.002344 26 16 66 255
0.002422 27 16 68 255
0.002500 29 16 71 255
0.002578 30 17 73 255
0.002656 31 17 75 255
0.002734 33 17 78 255
0.002812 34 17 80 255
0.002891 36 17 82 255
0.002969 38 17 85 255
0.003047 39 17 87 255
0.003125 41 17 90 255
0.003203 42 17 92 255
0.003281 44 17 94 255
0.003359 46 17 96 255
0.003438 47 17 98 255
0.003516 49 17 101 255
0.003594 50 17 102 255
0.003672 52 16 104 255
0.003750 54 16 106 255
0.003828 55 15 108 255
0.003906 57 15 110 255
0.003984 58 15 111 255
0.004063 60 15 113 255
0.004141 62 15 114 255
0.004219 64 15 115 255
0.004297 66 15 117 255
0.004375 67 15 118 255
0.004453 69 15 118 255
0.004531 70 16 119 255
0.004609 72 16 120 255
0.004687 74 16 121 255
0.004766 75 16 121 255
0.004844 77 17 122 255
0.004922 78 18 123 255
0.005000 80 18 123 255
0.005078 82 19 124 255
0.005156 83 19 124 255
0.005234 85 20 125 255
0.005313 86 21 125 255
0.005391 88 21 125 255
0.005469 90 22 126 255
0.005547 91 22 126 255
0.005625 93 23 127 255
0.005703 94 24 127 255
0.005781 96 24 127 255
0.005859 98 25 128 255
0.005938 99 25 128 255
0.006016 101 26 128 255
0.006094 102 27 129 255
0.006172 104 27 129 255
0.006250 106 28 129 255
0.006328 107 28 129 255
0.006406 109 29 129 255
0.006484 110 30 129 255
0.006562 112 30 129 255
0.006641 113 31 129 255
0.006719 115 31 129 255
0.006797 116 32 129 255
0.006875 118 33 130 255
0.006953 119 33 130 255
0.007031 121 34 130 255
0.007109 122 34 130 255
0.007188 124 35 130 255
0.007266 125 36 129 255
0.007344 127 36 129 255
0.007422 128 37 129 255
0.007500 130 37 129 255
0.007578 132 38 129 255
0.007656 133 39 129 255
0.007734 135 39 129 255
0.007812 136 40 129 255
0.007891 138 40 129 255
0.007969 140 41 129 255
0.008047 141 42 129 255
0.008125 143 42 129 255
0.008203 144 43 129 255
0.008281 146 43 129 255
0.008359 148 44 129 255
0.008438 149 44 128 255
0.008516 151 44 128 255
0.008594 152 45 128 255
0.008672 154 45 128 255
0.008750 155 46 127 255
0.008828 157 47 127 255
0.008906 159 47 127 255
0.008984 160 48 126 255
0.009062 162 48 126 255
0.009141 164 49 126 255
0.009219 166 50 125 255
0.009297 167 50 125 255
0.009375 169 51 125 255
0.009453 171 51 125 255
0.009531 172 52 124 255
0.009609 174 52 124 255
0.009687 176 52 124 255
0.009766 177 53 123 255
0.009844 179 53 123 255
0.009922 180 54 122 255
0.010000 182 55 122 255
0.010078 184 55 121 255
0.010156 185 56 120 255
0.010234 187 56 120 255
0.010313 188 57 119 255
0.010391 190 57 119 255
0.010469 192 58 118 255
0.010547 193 59 117 255
0.010625 195 59 117 255
0.010703 196 60 116 255
0.010781 198 60 116 255
0.010859 200 61 115 255
0.010937 201 62 114 255
0.011016 203 62 114 255
0.011094 204 63 113 255
0.011172 206 64 113 255
0.011250 208 65 112 255
0.011328 209 66 111 255
0.011406 211 66 111 255
0.011484 212 67 110 255
0.011562 213 68 109 255
0.011641 215 69 108 255
0.011719 216 70 107 255
0.011797 218 70 107 255
0.011875 219 72 106 255
0.011953 220 73 105 255
0.012031 222 74 104 255
0.012109 223 75 103 255
0.012188 225 76 103 255
0.012266 226 78 102 255
0.012344 227 79 101 255
0.012422 229 80 100 255
0.012500 230 81 100 255
0.012578 231 82 99 255
0.012656 232 84 98 255
0.012734 233 85 98 255
0.012812 234 86 97 255
0.012891 235 87 96 255
0.012969 236 89 96 255
0.013047 237 90 95 255
0.013125 238 92 95 255
0.013203 239 93 94 255
0.013281 240 95 93 255
0.013359 241 97 93 255
0.013437 242 98 93 255
0.013516 242 100 93 255
0.013594 243 102 92 255
0.013672 244 104 92 255
0.013750 244 106 92 255
0.013828 245 107 92 255
0.013906 245 109 92 255
0.013984 246 111 92 255
0.014063 247 113 92 255
0.014141 247 115 92 255
0.014219 248 116 92 255
0.014297 248 118 92 255
0.014375 248 120 93 255
0.014453 249 122 93 255
0.014531 249 124 93 255
0.014609 250 126 94 255
0.014687 250 128 94 255
0.014766 250 130 95 255
0.014844 251 132 96 255
0.014922 251 133 96 255
0.015000 251 135 97 255
0.015078 251 137 98 255
0.015156 252 139 99 255
0.015234 252 141 99 255
0.015312 252 142 100 255
0.015391 252 144 101 255
0.015469 252 146 102 255
0.015547 253 148 103 255
0.015625 253 150 104 255
0.015703 253 152 105 255
0.015781 253 154 106 255
0.015859 253 156 107 255
0.015938 254 158 108 255
0.016016 254 160 109 255
0.016094 254 161 110 255
0.016172 254 163 111 255
0.016250 254 165 113 255
0.016328 254 167 114 255
0.016406 254 169 115 255
0.016484 254 170 116 255
0.016563 254 172 118 255
0.016641 254 174 119 255
0.016719 254 176 120 255
0.016797 254 178 122 255
0.016875 254 180 123 255
0.016953 254 182 125 255
0.017031 254 184 126 255
0.017109 254 186 127 255
0.017188 254 187 129 255
0.017266 254 189 130 255
0.017344 254 191 132 255
0.017422 254 193 133 255
0.017500 254 195 135 255
0.017578 254 196 137 255
0.017656 254 198 138 255
0.017734 254 200 140 255
0.017812 254 202 141 255
0.017891 254 204 143 255
0.017969 254 205 145 255
0.018047 254 207 146 255
0.018125 254 209 148 255
0.018203 254 211 149 255
0.018281 254 213 151 255
0.018359 254 214 153 255
0.018437 254 216 154 255
0.018516 254 218 156 255
0.018594 254 220 158 255
0.018672 253 222 160 255
0.018750 253 224 161 255
0.018828 253 226 163 255
0.018906 253 228 165 255
0.018984 253 230 167 255
0.019062 253 231 168 255
0.019141 253 233 170 255
0.019219 253 235 172 255
0.019297 253 237 174 255
0.019375 253 239 176 255
0.019453 252 240 178 255
0.019531 252 242 180 255
0.019609 252 244 182 255
0.019688 252 246 184 255
0.019766 252 248 186 255
0.020000 252 253 191 255
