0.00000000 255 247 236 255
0.29411765 255 247 235 255
0.58823529 255 246 235 255
0.88235294 255 246 234 255
1.17647059 255 246 233 255
1.47058824 255 245 233 255
1.76470588 254 245 232 255
2.05882353 254 245 231 255
2.35294118 254 244 230 255
2.64705882 254 244 229 255
2.94117647 254 243 228 255
3.23529412 254 243 227 255
3.52941176 254 242 226 255
3.82352941 254 242 225 255
4.11764706 254 242 224 255
4.41176471 254 241 223 255
4.70588235 254 241 222 255
5.00000000 254 240 220 255
5.29411765 254 240 219 255
5.58823529 254 239 218 255
5.88235294 254 239 217 255
6.17647059 254 238 215 255
6.47058824 254 238 214 255
6.76470588 254 237 213 255
7.05882353 254 237 211 255
7.35294118 254 236 210 255
7.64705882 254 235 208 255
7.94117647 254 235 207 255
8.23529412 254 234 206 255
8.52941176 254 234 204 255
8.82352941 254 233 203 255
9.11764706 254 233 201 255
9.41176471 254 232 200 255
9.70588235 254 231 198 255
10.00000000 254 231 197 255
10.29411765 254 230 195 255
10.58823529 254 230 194 255
10.88235294 254 229 192 255
11.17647059 254 228 191 255
11.47058824 254 228 190 255
11.76470588 254 227 188 255
12.05882353 254 226 187 255
12.35294118 254 226 185 255
12.64705882 254 225 184 255
12.94117647 254 225 182 255
13.23529412 254 224 181 255
13.52941176 254 223 179 255
13.82352941 254 223 178 255
14.11764706 254 222 177 255
14.41176471 254 221 175 255
14.70588235 254 221 174 255
15.00000000 254 220 173 255
15.29411765 254 219 171 255
15.58823529 254 219 170 255
15.88235294 253 218 169 255
16.17647059 253 218 168 255
16.47058824 253 217 166 255
16.76470588 253 216 165 255
17.05882353 253 216 164 255
17.35294118 253 215 163 255
17.64705882 253 214 162 255
17.94117647 253 214 161 255
18.23529412 253 213 160 255
18.52941176 253 212 159 255
18.82352941 253 212 158 255
19.11764706 253 211 157 255
19.41176471 253 211 156 255
19.70588235 253 210 155 255
20.00000000 253 209 154 255
20.29411765 253 209 154 255
20.58823529 253 208 153 255
20.88235294 253 207 152 255
21.17647059 253 207 151 255
21.47058824 253 206 151 255
21.76470588 253 206 150 255
22.05882353 253 205 149 255
22.35294118 252 204 148 255
22.64705882 252 204 148 255
22.94117647 252 203 147 255
23.23529412 252 202 146 255
23.52941176 252 201 146 255
23.82352941 252 201 145 255
24.11764706 252 200 144 255
24.41176471 252 199 144 255
24.70588235 252 198 143 255
25.00000000 252 197 142 255
25.29411765 252 197 141 255
25.58823529 253 196 140 255
25.88235294 253 195 140 255
26.17647059 253 194 139 255
26.47058824 253 193 138 255
26.76470588 253 192 137 255
27.05882353 253 191 136 255
27.35294118 253 190 135 255
27.64705882 253 189 134 255
27.94117647 253 188 133 255
28.23529412 253 187 132 255
28.52941176 253 185 130 255
28.82352941 253 184 129 255
29.11764706 253 183 128 255
29.41176471 253 182 126 255
29.70588235 253 180 125 255
30.00000000 254 179 124 255
30.29411765 254 178 122 255
30.58823529 254 176 121 255
30.88235294 254 175 119 255
31.17647059 254 173 118 255
31.47058824 254 172 116 255
31.76470588 254 170 115 255
32.05882353 254 169 113 255
32.35294118 254 167 112 255
32.64705882 254 166 110 255
32.94117647 254 164 109 255
33.23529412 254 163 107 255
33.52941176 254 161 106 255
33.82352941 254 160 104 255
34.11764706 254 158 103 255
34.41176471 254 157 102 255
34.70588235 254 155 100 255
35.00000000 253 154 99 255
35.29411765 253 152 97 255
35.58823529 253 151 96 255
35.88235294 253 149 95 255
36.17647059 253 148 94 255
36.47058824 253 146 93 255
36.76470588 253 145 91 255
37.05882353 252 143 90 255
37.35294118 252 142 89 255
37.64705882 252 140 89 255
37.94117647 252 139 88 255
38.23529412 251 138 87 255
38.52941176 251 136 86 255
38.82352941 251 135 86 255
39.11764706 251 134 85 255
39.41176471 250 132 84 255
39.70588235 250 131 84 255
40.00000000 250 130 83 255
40.29411765 249 129 83 255
40.58823529 249 127 82 255
40.88235294 248 126 82 255
41.17647059 248 125 81 255
41.47058824 248 124 81 255
41.76470588 247 123 81 255
42.05882353 247 121 80 255
42.35294118 247 120 80 255
42.64705882 246 119 80 255
42.94117647 246 118 79 255
43.23529412 245 117 79 255
43.52941176 245 115 78 255
43.82352941 244 114 78 255
44.11764706 244 113 78 255
44.41176471 243 112 77 255
44.70588235 243 111 77 255
45.00000000 242 109 76 255
45.29411765 242 108 76 255
45.58823529 241 107 75 255
45.88235294 241 106 74 255
46.17647059 240 104 74 255
46.47058824 240 103 73 255
46.76470588 239 102 72 255
47.05882353 239 100 71 255
47.35294118 238 99 71 255
47.64705882 237 97 70 255
47.94117647 237 96 69 255
48.23529412 236 94 68 255
48.52941176 236 93 67 255
48.82352941 235 91 65 255
49.11764706 234 90 64 255
49.41176471 234 88 63 255
49.70588235 233 86 62 255
50.00000000 232 85 61 255
50.29411765 232 83 59 255
50.58823529 231 82 58 255
50.88235294 230 80 57 255
51.17647059 230 78 55 255
51.47058824 229 76 54 255
51.76470588 228 75 53 255
52.05882353 227 73 51 255
52.35294118 227 71 50 255
52.64705882 226 70 48 255
52.94117647 225 68 47 255
53.23529412 224 66 46 255
53.52941176 223 64 44 255
53.82352941 222 63 43 255
54.11764706 222 61 41 255
54.41176471 221 59 40 255
54.70588235 220 57 38 255
55.00000000 219 55 37 255
55.29411765 218 54 35 255
55.58823529 217 52 34 255
55.88235294 216 50 33 255
56.17647059 215 48 31 255
56.47058824 214 47 30 255
56.76470588 213 45 29 255
57.05882353 212 43 27 255
57.35294118 211 42 26 255
57.64705882 210 40 25 255
57.94117647 209 38 23 255
58.23529412 208 37 22 255
58.52941176 207 35 21 255
58.82352941 206 33 20 255
59.11764706 205 32 19 255
59.41176471 204 30 17 255
59.70588235 203 29 16 255
60.00000000 202 27 15 255
60.29411765 201 25 14 255
60.58823529 200 24 13 255
60.88235294 199 22 12 255
61.17647059 198 21 10 255
61.47058824 197 19 9 255
61.76470588 195 17 8 255
62.05882353 194 16 7 255
62.35294118 193 14 6 255
62.64705882 192 13 6 255
62.94117647 191 11 5 255
63.23529412 189 9 4 255
63.52941176 188 8 3 255
63.82352941 187 6 3 255
64.11764706 186 5 2 255
64.41176471 184 4 2 255
64.70588235 183 3 1 255
65.00000000 182 2 1 255
65.29411765 181 1 0 255
65.58823529 179 0 0 255
65.88235294 178 0 0 255
66.17647059 176 0 0 255
66.47058824 175 0 0 255
66.76470588 174 0 0 255
67.05882353 172 0 0 255
67.35294118 171 0 0 255
67.64705882 169 0 0 255
67.94117647 168 0 0 255
68.23529412 166 0 0 255
68.52941176 165 0 0 255
68.82352941 163 0 0 255
69.11764706 162 0 0 255
69.41176471 160 0 0 255
69.70588235 159 0 0 255
70.00000000 157 0 0 255
70.29411765 156 0 0 255
70.58823529 154 0 0 255
70.88235294 152 0 0 255
71.17647059 151 0 0 255
71.47058824 149 0 0 255
71.76470588 147 0 0 255
72.05882353 145 0 0 255
72.35294118 144 0 0 255
72.64705882 142 0 0 255
72.94117647 140 0 0 255
73.23529412 138 0 0 255
73.52941176 136 0 0 255
73.82352941 135 0 0 255
74.11764706 133 0 0 255
74.41176471 131 0 0 255
74.70588235 129 0 0 255
75.00000000 127 0 0 255
